3834
3
3839
1022
4861
0
4863
2
4867
4870
2
4872
0
4875
4877
4879
4881
4883
3
4887
4889
4890
0
4891
0
4892
0
4894
4895
0
4897
4900
4902
2
4904
0
4906
4907
0
4908
0
4910
4913
4915
4916
0
4918
4919
0
4922
4
4928
0
4930
4932
3
4935
0
4939
4941
0
4942
0
4943
0
4947
4949
2
4952
4953
0
4954
0
4957
2
4960
2
4963
4964
0
4966
0
4967
0
4970
4972
2
4974
0
4975
0
4976
0
4978
4979
0
4981
2
4985
4987
4990
4991
0
4994
4996
4997
0
4999
5005
5007
5009
5011
2
5014
3
5018
3
5022
0
5024
5028
2
5031
5034
4
5039
5041
0
5043
5
5049
5050
0
5053
2
5057
5060
5061
0
5064
0
5065
0
5067
5068
0
5070
5074
2
5077
2
5079
0
5081
3
5086
0
5088
0
5089
0
5091
3
5094
0
5097
2
5100
5102
5103
0
5106
2
5109
0
5110
0
5112
5114
0
5115
0
5117
2
5120
2
5124
5126
5127
0
5130
2
5134
2
5136
0
5138
0
5139
0
5141
5144
2
5147
5150
2
5152
0
5154
5155
0
5159
5161
5162
0
5164
5167
2
5170
5172
5174
5177
2
5180
5181
0
5184
0
5188
5190
5191
0
5192
0
5195
2
5200
5202
5204
3
5207
0
5208
0
5209
0
5210
0
5212
5214
5215
0
5216
0
5220
3
5224
2
5227
5229
2
5232
5234
2
5238
5241
5243
0
5244
0
5246
5247
0
5248
0
5250
0
5251
0
5252
0
5253
0
5254
0
5258
5259
0
5261
5262
0
5264
0
5265
0
5267
3
5271
3
5275
3
5281
2
5284
5287
0
5289
3
5293
5294
0
5295
0
5298
2
5300
0
5302
5304
5305
0
5307
2
5310
2
5312
0
5314
5318
3
5322
5326
5328
2
5331
5332
0
5333
0
5335
5337
5339
3
5342
0
5344
0
5345
0
5346
0
5348
5350
5352
5354
5356
5358
3
5362
2
5364
0
5366
5368
2
5371
2
5375
5377
5379
5380
0
5381
0
5383
5385
2
5388
2
5390
0
5391
0
5392
0
5394
5396
5398
5401
2
5403
0
5405
5
5411
3
5415
0
5416
0
5418
0
5420
7
5428
5431
5432
0
5435
5436
0
5438
2
5441
4
5447
0
5448
0
5450
0
5451
0
5454
5456
0
5458
0
5460
5463
5465
5467
5468
0
5470
5472
5474
5476
3
5479
0
5481
5485
5489
5490
0
5491
0
5496
5497
0
5498
0
5500
5502
2
5507
3
5510
0
5511
0
5514
0
5516
4
5520
0
5522
2
5525
5526
0
5528
5529
0
5530
0
5532
5534
5535
0
5538
5540
5545
0
5547
5549
2
5552
5554
5556
5559
4
5565
5566
0
5568
3
5574
5576
2
5578
0
5580
5582
5584
5586
5589
5591
5593
2
5596
2
5599
5602
5604
5606
5607
0
5609
5611
0
5614
4
5619
2
5623
5625
2
5628
5630
5
5636
2
5639
0
5641
7
5648
0
5650
5654
5656
5658
5661
5664
4
5669
0
5670
0
5672
4
5679
2
5682
0
5686
5687
0
5689
2
5692
2
5695
3
5700
0
5705
6
5714
2
5717
5719
5721
5722
0
5724
5726
5728
2
5731
3
5736
3
5739
0
5741
5743
5745
0
5747
0
5749
5750
0
5751
0
5752
0
5755
5757
5758
0
5759
0
5761
5763
0
5764
0
5765
0
5766
0
5770
0
5772
4
5777
5779
5781
5783
8
5792
3
5796
5798
5799
0
5800
0
5802
5804
5806
0
5808
5810
3
5814
0
5816
5818
5820
5822
0
5824
5827
5829
3
5832
0
5835
5836
0
5838
3
5841
0
5845
5847
6
5854
5856
2
5860
5863
2
5866
2
5868
0
5869
0
5871
2
5874
6
5880
0
5883
5885
2
5888
5891
5892
0
5895
5900
3
5903
0
5909
2
5912
5914
5916
5919
4
5924
5927
5929
3
5936
0
5939
3
5943
5945
0
5947
2
5949
0
5951
5953
5955
2
5959
2
5961
0
5963
3
5967
2
5970
5
5976
5979
5980
0
5982
5983
0
5984
0
5986
5988
5991
5994
2
5997
2
6001
0
6003
0
6005
6007
6008
0
6010
5
6016
6018
6019
0
6022
0
6024
6027
0
6030
3
6034
3
6038
6040
3
6043
0
6045
2
6048
6050
6051
0
6053
6057
0
6058
0
6061
2
6064
2
6066
0
6069
2
6072
6074
2
6077
6078
0
6080
6082
6084
6086
6089
6091
2
6094
6096
3
6100
2
6103
6105
6108
6109
0
6110
0
6113
6115
4
6120
0
6123
2
6125
0
6126
0
6128
3
6131
0
6132
0
6133
0
6135
6138
2
6141
4
6146
3
6150
4
6154
0
6156
3
6161
0
6165
6169
0
6172
6173
0
6174
0
6176
3
6179
0
6180
0
6181
0
6186
7
6194
6195
0
6197
6200
6202
6206
6207
0
6209
6214
5
6220
6222
6
6232
3
6236
2
6238
0
6240
6241
0
6244
0
6246
5
6252
2
6254
0
6256
6258
2
6261
6262
0
6263
0
6264
0
6266
6268
2
6271
3
6274
0
6277
2
6280
6283
3
6286
0
6288
0
6291
6294
6299
6301
6303
6304
0
6306
3
6312
6314
7
6321
0
6324
2
6327
6328
0
6330
3
6333
0
6334
0
6336
2
6341
0
6342
0
6344
2
6348
6350
2
6353
6355
6357
2
6361
0
6363
6365
6366
0
6369
6371
2
6373
0
6375
2
6378
6380
6381
0
6384
2
6387
0
6388
0
6390
6393
5
6399
6400
0
6401
0
6403
3
6408
6410
6411
0
6413
6414
0
6416
6418
6419
0
6420
0
6421
0
6423
0
6425
6427
6429
2
6431
0
6434
2
6437
6439
6
6446
6448
6449
0
6451
6453
6454
0
6455
0
6458
6460
6463
0
6466
6468
6470
6473
2
6480
0
6482
4
6486
0
6488
6491
6494
0
6495
0
6497
6499
3
6502
0
6504
6507
2
6509
0
6511
6513
6514
0
6516
6519
3
6523
6525
6528
6530
6534
6536
0
6540
5
6546
6548
6550
3
6553
0
6555
6558
6561
6563
6565
2
6568
6574
2
6577
6578
0
6581
6583
6585
6586
0
6587
0
6591
6593
0
6596
6598
6600
2
6602
0
6604
6610
6612
6615
6617
6619
6623
9
6633
6635
4
6641
6644
2
6647
6648
0
6650
2
6654
6656
6660
3
6665
2
6669
2
6672
2
6675
6677
6681
4
6685
0
6686
0
6687
0
6689
6691
6693
6695
4
6699
0
6700
0
6703
6706
2
6709
6710
0
6712
6713
0
6715
6717
6719
6720
0
6724
6726
0
6727
0
6729
6731
2
6734
6736
6737
0
6739
6740
0
6742
0
6744
2
6746
0
6749
6750
0
6753
0
6755
0
6756
0
6758
4
6763
6766
6768
5
6774
2
6777
6778
0
6783
6784
0
6785
0
6788
6792
6794
4
6802
2
6804
0
6808
6810
2
6815
6817
0
6819
3
6822
0
6824
2
6827
6828
0
6829
0
6831
6832
0
6834
6835
0
6836
0
6837
0
6840
6841
0
6846
3
6850
6852
6856
6859
2
6861
0
6864
6865
0
6867
0
6869
0
6872
0
6874
6876
0
6878
6881
0
6883
2
6886
6888
6890
6892
6894
2
6897
6899
6901
2
6904
6906
2
6908
0
6909
0
6911
0
6913
6916
2
6918
0
6920
6921
0
6922
0
6924
6928
5
6937
6938
0
6940
6942
6943
0
6945
4
6950
3
6954
6957
2
6959
0
6961
6963
6967
4
6972
6975
6977
6980
6981
0
6982
0
6983
0
6985
5
6992
3
6996
0
6998
2
7000
0
7003
7005
2
7013
7015
7017
0
7018
0
7020
2
7023
7029
0
7033
2
7035
0
7037
7040
7042
5
7050
7052
3
7056
7059
0
7060
0
7063
7067
2
7071
7073
7075
7077
2
7079
0
7084
0
7085
0
7088
0
7089
0
7091
7093
0
7094
0
7096
0
7098
0
7101
2
7104
7106
0
7108
7115
3
7120
7123
7125
7126
0
7128
7129
0
7131
0
7132
0
7134
7136
7138
0
7140
7141
0
7144
2
7147
7150
7152
2
7155
7157
2
7161
0
7162
0
7164
3
7168
5
7174
7175
0
7176
0
7178
2
7181
3
7185
7187
7189
7191
7194
7197
2
7200
2
7203
2
7206
7209
2
7213
5
7218
0
7220
7222
7224
7227
7230
7231
0
7233
2
7236
7237
0
7238
0
7240
0
7242
7243
0
7245
0
7248
7250
0
7252
0
7254
7256
2
7260
7263
7265
3
7269
7271
7275
0
7277
7279
7281
0
7282
0
7285
2
7288
7290
0
7293
7296
7298
2
7300
0
7305
2
7308
7310
7314
7316
7318
0
7320
0
7322
7324
7328
7330
0
7332
7334
2
7337
7340
2
7343
3
7349
2
7353
7355
7356
0
7357
0
7359
8
7369
0
7370
0
7373
5
7380
7382
2
7385
7389
0
7392
7393
0
7395
2
7397
0
7399
7401
12
7414
7415
0
7416
0
7418
7420
0
7422
0
7425
7426
0
7427
0
7434
2
7437
7439
0
7444
3
7448
0
7451
7452
0
7453
0
7454
0
7456
7457
0
7459
7461
7465
2
7468
2
7471
0
7474
2
7478
7482
7483
0
7484
0
7487
7489
7490
0
7495
7497
7498
0
7500
7503
3
7507
7510
2
7513
2
7517
6
7524
3
7527
0
7528
0
7529
0
7531
2
7535
3
7540
7545
7546
0
7547
0
7549
7550
0
7551
0
7553
7555
7556
0
7559
7561
3
7567
7568
0
7571
2
7574
2
7577
7579
7
7588
7589
0
7592
7595
7598
7602
7604
7606
3
7609
0
7612
11
7624
7627
0
7630
7631
0
7633
7635
7637
2
7643
7645
2
7649
0
7650
0
7651
0
7652
0
7654
7655
0
7657
7660
0
7662
7664
3
7668
3
7673
8
7681
0
7683
7685
2
7688
7690
7692
7694
4
7698
0
7700
4
7706
7710
7711
0
7713
7716
21
7738
0
7740
6
7747
7749
7751
7753
7755
2
7758
5
7764
7765
0
7766
0
7767
0
7769
7772
7776
0
7778
2
7781
2
7785
7786
0
7789
7791
0
7795
0
7797
2
7800
2
7803
7805
0
7809
6
7815
0
7818
7820
7821
0
7823
2
7825
0
7827
6
7833
0
7834
0
7836
3
7840
7841
0
7844
7847
2
7850
7852
7854
7856
7859
7861
0
7863
7
7872
7874
0
7875
0
7876
0
7877
0
7879
7880
0
7884
2
7887
2
7890
0
7893
0
7895
7898
0
7900
5
7907
6
7914
2
7917
2
7920
3
7926
7929
2
7931
0
7932
0
7933
0
7935
0
7938
3
7942
3
7947
5
7952
0
7954
7956
4
7962
0
7964
7966
7967
0
7968
0
7969
0
7971
3
7978
2
7981
7983
7985
7987
7989
7990
0
7992
7994
0
7997
3
8002
8004
8005
0
8007
8008
0
8010
14
8024
0
8025
0
8027
8029
8031
5
8037
4
8042
3
8047
8048
0
8050
8052
2
8057
2
8060
8062
8064
2
8068
0
8070
4
8075
8077
8079
8084
8086
8088
8090
8092
0
8094
5
8100
8102
8107
4
8112
2
8115
2
8118
8120
8123
8124
0
8128
0
8129
0
8131
0
8133
8135
2
8139
3
8143
4
8147
0
8149
8150
0
8154
8157
0
8158
0
8160
4
8166
8169
2
8174
8176
2
8178
0
8180
8183
4
8188
4
8193
2
8195
0
8199
0
8202
8204
2
8207
8208
0
8211
8212
0
8213
0
8214
0
8216
0
8217
0
8219
2
8222
8224
2
8227
8231
8233
8235
7
8243
3
8247
2
8255
8256
0
8261
2
8264
3
8269
8270
0
8272
8273
0
8274
0
8276
8277
0
8279
8280
0
8281
0
8287
3
8294
2
8296
0
8298
8301
4
8306
8307
0
8308
0
8310
3
8314
8316
2
8319
3
8324
8325
0
8327
5
8333
2
8335
0
8338
2
8341
8344
8351
0
8354
2
8357
3
8360
0
8361
0
8364
8366
2
8369
8371
2
8374
2
8377
3
8381
0
8383
2
8385
0
8391
4
8395
0
8397
8399
8400
0
8405
8409
8411
8413
9
8424
2
8427
8429
2
8432
8434
10
8447
8451
3
8456
0
8459
0
8461
8462
0
8464
0
8466
8467
0
8469
8471
2
8477
0
8478
0
8479
0
8481
8484
8486
8488
8494
8495
0
8497
7
8504
0
8507
2
8509
0
8510
0
8513
8516
2
8519
4
8524
2
8527
8528
0
8530
2
8533
0
8535
2
8537
0
8542
8545
8546
0
8548
3
8556
8558
8560
8562
8564
8565
0
8567
8569
8571
8572
0
8573
0
8578
8582
8584
8586
8587
0
8589
8592
8593
0
8595
0
8596
0
8599
8601
8603
4
8609
8610
0
8612
8614
0
8617
8619
8620
0
8622
0
8624
2
8627
8628
0
8630
8631
0
8632
0
8634
2
8637
8639
8641
8644
8649
2
8652
8655
3
8662
8664
2
8667
8668
0
8674
2
8677
8683
8685
0
8686
0
8688
8691
8692
0
8693
0
8698
2
8704
8706
8708
8710
8712
8714
8717
0
8719
8721
8723
2
8726
2
8729
2
8733
8735
8736
0
8739
8741
8743
8747
8748
0
8750
3
8753
0
8754
0
8756
8758
2
8761
0
8763
8765
2
8768
8769
0
8771
2
8774
2
8777
8780
8782
8784
8786
2
8788
0
8793
3
8797
8798
0
8800
0
8801
0
8803
2
8806
8808
8812
3
8815
0
8817
8819
8820
0
8822
2
8825
8826
0
8830
0
8833
8834
0
8836
3
8840
8841
0
8843
8846
8848
8850
8852
2
8854
0
8855
0
8858
8861
3
8865
0
8867
7
8876
6
8884
3
8888
8890
2
8893
2
8901
8907
3
8911
8913
8915
2
8920
8922
8925
8927
8928
0
8935
8937
11
8949
8951
3
8956
2
8958
0
8959
0
8961
8963
8965
2
8968
0
8970
8972
2
8976
2
8978
0
8980
8982
0
8984
8986
8988
2
8991
4
8996
2
9000
9001
0
9005
9007
9011
9013
9014
0
9016
9018
9021
0
9024
2
9027
0
9031
9035
9037
9038
0
9042
0
9043
0
9045
3
9049
9052
9054
9
9065
9071
4
9077
9079
9080
0
9081
0
9084
9087
2
9090
9094
9096
9098
9100
3
9103
0
9105
9107
2
9111
9116
2
9119
9121
3
9125
2
9128
9130
9133
3
9136
0
9138
9140
2
9143
9148
9150
9153
9156
9157
0
9159
9160
0
9163
9166
9168
9170
2
9173
0
9176
13
9190
9192
9193
0
9195
2
9198
2
9200
0
9202
9203
0
9205
2
9209
9210
0
9212
9214
2
9217
9220
9222
9226
9227
0
9229
9232
2
9234
0
9236
9237
0
9240
0
9242
2
9245
9248
2
9251
0
9253
0
9257
2
9261
9263
2
9267
9268
0
9270
9272
9276
2
9279
9280
0
9284
9287
2
9291
2
9293
0
9294
0
9296
0
9298
0
9300
3
9303
0
9305
9309
2
9312
9314
9316
9318
9321
9325
2
9328
9329
0
9330
0
9334
9335
0
9338
9340
9342
2
9346
2
9348
0
9353
9355
3
9359
4
9364
9366
0
9370
9371
0
9374
9377
9379
0
9380
0
9382
9385
9387
0
9389
0
9391
2
9395
9397
9400
9402
9405
9407
9409
2
9412
0
9416
9418
9420
9422
9425
2
9428
9431
9433
9435
9439
9441
0
9442
0
9443
0
9445
0
9446
0
9447
0
9450
0
9452
9456
9458
9459
0
9462
9464
9466
9469
9472
9474
9476
9478
2
9481
0
9482
0
9484
9485
0
9487
2
9491
6
9498
9500
0
9502
0
9504
9508
0
9509
0
9510
0
9511
0
9513
0
9515
9516
0
9519
9520
0
9523
0
9525
0
9526
0
9530
0
9534
9537
9542
9543
0
9545
9547
2
9550
9551
0
9553
4
9558
2
9561
3
9565
9567
2
9571
9573
9575
0
9577
9578
0
9580
9582
9586
2
9589
3
9592
0
9594
0
9596
2
9599
9601
9603
2
9610
0
9612
9615
9617
9622
9630
5
9638
9640
0
9641
0
9644
9647
3
9651
9653
9655
9657
9659
9661
9663
9664
0
9666
9668
6
9675
5
9680
0
9682
9684
9686
2
9689
9691
9697
9699
2
9705
3
9709
9712
2
9718
3
9722
0
9724
9727
9728
0
9731
9734
9735
0
9737
2
9740
9741
0
9743
0
9746
9748
9749
0
9751
9752
0
9753
0
9757
9759
9763
2
9766
9769
3
9773
2
9776
2
9779
9781
9783
9784
0
9789
9790
0
9791
0
9792
0
9794
9796
9797
0
9801
9803
3
9807
9809
9814
9816
9817
0
9819
0
9821
3
9825
2
9829
9831
0
9833
9837
9838
0
9843
9844
0
9846
2
9849
9851
0
9854
9856
9859
0
9861
7
9868
0
9872
9874
9875
0
9878
0
9880
2
9882
0
9884
9887
2
9890
9892
9894
9898
9900
9902
9906
2
9908
0
9910
9912
0
9916
2
9921
0
9924
9928
9930
2
9932
0
9934
9936
9938
0
9940
9941
0
9944
0
9945
0
9947
0
9950
3
9953
0
9955
2
9957
0
9959
0
9961
0
9963
9965
2
9968
9970
2
9973
9977
9979
9983
9986
2
9988
0
9990
2
9993
0
9995
2
9998
10001
0
10005
10007
0
10009
10011
0
10013
3
10017
10021
10023
2
10026
0
10029
10032
10034
10036
3
10040
3
10044
10046
10048
2
10051
10053
10057
10059
10063
0
10065
10067
10071
10074
10076
10078
10080
10081
0
10082
0
10083
0
10085
10087
3
10092
4
10096
0
10097
0
10099
10101
10102
0
10105
10108
10110
10112
10114
10116
10119
10121
10123
2
10126
10128
0
10130
10132
2
10136
0
10140
0
10141
0
10143
2
10146
2
10149
10153
10155
2
10158
10160
10161
0
10162
0
10163
0
10168
10170
10174
10176
10178
17
10195
0
10196
0
10198
3
10203
4
10207
0
10211
10213
2
10216
10218
2
10222
5
10228
0
10230
2
10233
2
10239
10241
0
10242
0
10245
2
10247
0
10249
10251
10254
10259
10261
2
10263
0
10265
10276
10279
10280
0
10282
10285
10287
10288
0
10290
10293
10294
0
10295
0
10296
0
10298
10299
0
10302
2
10305
10307
10311
3
10314
0
10315
0
10317
10319
0
10321
10324
10325
0
10327
10331
3
10335
3
10338
0
10345
10347
10349
2
10354
0
10357
0
10360
0
10362
2
10364
0
10365
0
10367
3
10371
10377
10379
0
10382
10384
10385
0
10386
0
10392
10394
0
10397
10400
3
10404
10405
0
10407
2
10410
10411
0
10413
2
10416
0
10419
0
10424
10428
0
10430
10432
10434
2
10436
0
10438
10441
10443
10446
3
10451
10452
0
10454
10459
0
10463
10466
10468
10472
0
10474
10479
0
10482
10485
2
10488
10490
10492
10495
0
10499
0
10501
2
10504
2
10507
0
10510
10513
2
10516
0
10518
10520
10522
2
10525
10526
0
10528
10530
10533
2
10537
10539
10541
10542
0
10544
2
10547
3
10553
10557
10559
2
10561
0
10562
0
10563
0
10565
10569
0
10571
10574
10577
10579
10580
0
10582
10585
2
10589
4
10594
10596
10597
0
10601
10603
2
10606
0
10609
10611
0
10612
0
10614
10616
0
10619
10623
10624
0
10626
10628
3
10634
10635
0
10637
0
10638
0
10642
10647
0
10649
10651
10653
10655
10657
2
10662
10663
0
10664
0
10666
10668
10669
0
10671
10673
10675
10676
0
10679
10682
10684
10685
0
10687
10691
10694
10696
2
10699
10701
2
10703
0
10704
0
10706
10707
0
10708
0
10710
10712
10714
0
10716
0
10718
3
10721
0
10723
10725
0
10727
2
10729
0
10732
10733
0
10736
2
10738
0
10741
0
10743
10744
0
10747
2
10750
0
10753
0
10755
10756
0
10758
10761
10764
10765
0
10766
0
10768
10770
10772
0
10775
10776
0
10778
0
10780
2
10783
4
10787
0
10788
0
10790
2
10793
3
10797
10802
10803
0
10805
10806
0
10807
0
10809
10811
0
10814
10815
0
10817
10819
10820
0
10821
0
11504
0
